              0000000     000001 10000001
            1000000       0000   10000001
           0000001        00     10000001
         0000000                 10000001
       0000000                  0000000
     0000000                  0000000
   0000000                  0000000
 10000000                 0000000
 1000000000000000000000   0000000      01
 1000000000000000000000   0000000    0001
 1000000000000000000000   0000000  000001
                0000000
                0000000
                0000000
                0000000
