                        11111111111     1111111111111111111111  
                      10000000000       000000000  00000000000  
                    100000000001        00000001   00000000000  
                  100000000001          000001     00000000000  
                100000000001            0001       00000000000  
               00000000000              01         00000000000  
             000000000001                         100000000001  
           100000000001                          00000000000    
         100000000001                          00000000000      
       100000000001                          100000000001       
     100000000001                          100000000001         
    000000000001                         100000000001           
  000000000001111111111111111111111     00000000000             
  000000000000000000000000000000000     00000000000         00  
  000000000000000000000000000000000     00000000000       0000  
  000000000000000000000000000000000     00000000000     100000  
  000000000000000000000000000000000     00000000000   10000000  
                        00000000000     00000000000 1000000000  
                        00000000000     1111111111111111111111  
                        00000000000                             
                        00000000000                             
                        00000000000                             
                        00000000000                             
                        11111111111                             
